8.50604e-08
8.8645e-08
8.03299e-08
8.55012e-08
8.34853e-08
8.34249e-08
8.4393e-08
7.51338e-08
8.00204e-08
8.0331e-08
5.2972e-08
5.0634e-08
4.68187e-08
5.29882e-08
5.4758e-08
5.42e-08
5.20664e-08
5.06558e-08
5.29861e-08
5.39772e-08
3.11581e-08
3.10488e-08
3.14622e-08
3.17171e-08
3.22267e-08
3.0305e-08
3.18102e-08
3.06427e-08
3.13764e-08
3.10853e-08
2.50309e-08
2.38505e-08
2.39484e-08
2.50381e-08
2.3825e-08
2.38512e-08
2.38172e-08
2.36296e-08
2.39915e-08
2.37262e-08
2.17495e-08
2.17529e-08
2.17321e-08
2.19314e-08
2.17575e-08
2.19717e-08
2.18411e-08
2.17527e-08
2.18647e-08
2.17016e-08