2.76133e-06
2.53529e-06
2.50535e-06
2.50422e-06
2.4768e-06
2.48656e-06
2.50622e-06
2.51618e-06
2.5027e-06
2.49111e-06
2.51008e-07
2.51853e-07
2.55922e-07
2.56365e-07
2.5167e-07
2.5506e-07
2.48352e-07
2.49691e-07
2.54096e-07
2.50904e-07
2.80279e-08
2.89429e-08
2.86017e-08
2.8067e-08
2.81424e-08
2.80986e-08
2.88627e-08
2.84551e-08
3.09217e-08
2.85459e-08
5.14698e-09
5.06378e-09
5.15859e-09
5.16051e-09
5.15169e-09
4.98773e-09
5.08731e-09
5.54381e-09
5.06064e-09
5.19274e-09
2.52788e-09
2.54212e-09
2.53942e-09
2.57049e-09
2.55887e-09
2.53129e-09
2.55068e-09
2.5457e-09
2.54109e-09
2.54824e-09