2.79866e-06
2.50692e-06
2.53212e-06
2.52666e-06
2.50788e-06
2.50175e-06
2.52498e-06
2.51146e-06
2.46101e-06
2.52489e-06
2.54954e-07
2.47254e-07
2.53717e-07
2.55502e-07
2.52947e-07
2.55683e-07
2.5054e-07
2.51587e-07
2.47226e-07
2.54954e-07
2.79882e-08
2.87159e-08
2.84901e-08
2.86773e-08
2.87007e-08
2.83763e-08
2.79659e-08
2.77123e-08
3.07958e-08
2.83384e-08
5.17626e-09
4.99417e-09
5.21875e-09
5.54965e-09
5.1394e-09
5.21893e-09
5.07521e-09
5.285e-09
5.2027e-09
5.60756e-09
2.53332e-09
2.56515e-09
2.56621e-09
2.55348e-09
2.57826e-09
2.54387e-09
2.55505e-09
2.54706e-09
2.55463e-09
2.54339e-09
