0.000000
-1.052949
-2.061514
-2.730722
-3.206851
-3.413464
-3.334881
-3.171428
-2.844231
-2.401072
-1.947252
-1.599463
-1.177820
-0.647326
-0.249537
0.067720
0.077596
0.020480
-0.088457
-0.321289
-0.564657
-0.712066
-0.812959
-0.917667
-0.800044
-0.712004
-0.545808
-0.123568
0.202029
0.413545
0.528559
0.552537
0.638612
0.670036
0.750624
0.845788
0.775800
0.703878
0.468725
0.293132
0.214326
0.083235
-0.069009
-0.137566
-0.116645
-0.084315
-0.098473
-0.109663
-0.137289
-0.214328
0.000000
0.474297
0.961269
1.198593
1.398307
1.515654
1.506414
1.448483
1.266902
1.055199
0.866371
0.800125
0.662640
0.419195
0.303060
0.206050
0.357181
0.553510
0.747425
1.002491
1.248894
1.415396
1.579885
1.757651
1.604260
1.376877
1.036091
0.414306
-0.147300
-0.621797
-1.027101
-1.369616
-1.640144
-1.716167
-1.772627
-1.814622
-1.656538
-1.442827
-1.055108
-0.735054
-0.475074
-0.182399
0.045706
0.199641
0.290867
0.340385
0.341909
0.269269
0.179483
0.195642
