0.000000
-0.255421
-0.870425
-1.236947
-1.505804
-1.597555
-2.412646
-2.987674
-3.500976
-3.950242
-3.957277
-3.924936
-3.843432
-3.518838
-2.986875
-2.701439
-1.736195
-1.282831
-0.619151
-0.536289
-0.361132
-0.194569
-0.661846
-0.714335
-0.805750
-0.899112
-1.372674
-1.766864
-1.742196
-1.397737
-1.147241
-0.777733
-0.506786
-0.364811
-0.111978
0.251562
0.870162
1.318735
1.774992
2.170683
2.501326
3.136591
2.957724
3.168868
3.556292
3.650873
3.516099
3.523763
3.521260
3.132931
2.727555
2.300072
1.494775
1.266234
1.000316
0.982904
1.020638
1.202337
1.226729
1.932828
2.295050
2.872443
2.907042
3.164898
3.547724
3.722456
3.581210
3.660756
3.408089
3.037463
2.797093
2.380413
1.640765
1.408572
1.119045
0.803053
0.827016
0.825766
1.119896
1.716933
2.457682
2.911415
3.227301
3.846647
4.358744
4.469962
4.465567
4.327820
3.856477
3.035703
2.258775
1.326496
0.244154
-0.436842
-1.411687
-1.814912
-1.714962
-1.880325
-1.764068
-1.206655
