1.19907e-06
1.1721e-06
1.08875e-06
9.4636e-07
1.06511e-06
1.08874e-06
1.34656e-06
1.0349e-06
1.10251e-06
2.20162e-06
1.02055e-06
1.07142e-06
1.21587e-06
1.06294e-06
1.10265e-06
1.21533e-06
1.05566e-06
9.8003e-07
1.00863e-06
1.08404e-06
1.30321e-06
1.07957e-06
1.09139e-06
1.01548e-06
9.701e-07
1.13116e-06
9.5813e-07
1.07925e-06
1.08882e-06
1.17859e-06
9.8843e-07
1.107e-06
9.2758e-07
1.0381e-06
1.05961e-06
1.01373e-06
1.1197e-06
1.0564e-06
9.4196e-07
1.03488e-06
1.0659e-06
1.10446e-06
1.071e-06
1.00489e-06
7.4592e-07
9.448e-07
7.2085e-07
8.2251e-07
8.3204e-07
7.4518e-07
8.0351e-07
8.2838e-07
7.9389e-07
7.7282e-07
8.2226e-07
8.3809e-07
