1.44114e-08
1.42662e-08
1.46583e-08
1.40328e-08
1.27596e-08
1.41218e-08
1.45408e-08
1.5268e-08
1.46814e-08
1.41855e-08
5.69122e-09
5.66183e-09
5.87511e-09
5.87295e-09
5.82913e-09
5.67731e-09
6.08643e-09
5.57225e-09
5.69261e-09
5.8651e-09
4.52067e-09
4.26121e-09
4.39412e-09
4.58598e-09
4.01892e-09
4.10367e-09
4.0829e-09
4.14839e-09
4.20875e-09
4.27612e-09
3.68282e-09
3.66901e-09
3.66834e-09
3.45885e-09
3.71603e-09
3.68388e-09
3.63023e-09
3.69194e-09
3.6174e-09
3.71043e-09
3.53078e-09
3.32091e-09
3.68506e-09
3.35997e-09
3.66996e-09
3.84987e-09
3.35277e-09
3.33779e-09
3.82164e-09
4.19563e-09
