4.98264e-09
5.05258e-09
5.07896e-09
4.98108e-09
5.00238e-09
4.98877e-09
4.98868e-09
5.11232e-09
4.98749e-09
4.98399e-09
4.12023e-09
3.81505e-09
4.13486e-09
4.15764e-09
4.02963e-09
4.09918e-09
3.54469e-09
4.11834e-09
4.07423e-09
4.07562e-09
3.72191e-09
3.67124e-09
3.91569e-09
3.85208e-09
4.0179e-09
3.4056e-09
4.36999e-09
3.88828e-09
4.18192e-09
3.59985e-09
2.48228e-09
2.48587e-09
2.49374e-09
2.51729e-09
2.40583e-09
2.42845e-09
2.58155e-09
2.48539e-09
2.42598e-09
2.90835e-09
2.27421e-09
2.28168e-09
2.17998e-09
2.24214e-09
2.17676e-09
2.17114e-09
2.17256e-09
2.17627e-09
2.21605e-09
2.17565e-09
