1.75811e-07
1.62498e-07
1.84134e-07
1.763e-07
1.59394e-07
1.70189e-07
1.71294e-07
1.78202e-07
1.83277e-07
1.4677e-07
1.34531e-07
1.48411e-07
1.34838e-07
1.30998e-07
1.34486e-07
1.41628e-07
1.32215e-07
1.34302e-07
1.42992e-07
1.34312e-07
1.10132e-07
1.06319e-07
1.09775e-07
1.0676e-07
1.03421e-07
1.07427e-07
1.04399e-07
1.03307e-07
1.04825e-07
1.06851e-07
9.13159e-08
9.56285e-08
8.27115e-08
8.41589e-08
9.28186e-08
9.13921e-08
8.65129e-08
8.91995e-08
9.51074e-08
9.40079e-08
8.75622e-08
9.32947e-08
9.0788e-08
8.9522e-08
9.14566e-08
8.2208e-08
8.47973e-08
9.10468e-08
8.46925e-08
8.55898e-08