2.70035e-06
2.47886e-06
2.44688e-06
2.47156e-06
2.40042e-06
2.46238e-06
2.47015e-06
2.45027e-06
2.47894e-06
2.45829e-06
2.50054e-07
2.48217e-07
2.44548e-07
2.47762e-07
2.48456e-07
2.49168e-07
2.48927e-07
2.45633e-07
2.48268e-07
2.49527e-07
2.82613e-08
2.80469e-08
2.81814e-08
2.76671e-08
2.7461e-08
2.80773e-08
2.82051e-08
2.85218e-08
3.09156e-08
2.83418e-08
5.57617e-09
5.13659e-09
5.27279e-09
5.06059e-09
5.17291e-09
5.55364e-09
5.46529e-09
5.49441e-09
5.53745e-09
5.15816e-09
2.76966e-09
2.54117e-09
2.55527e-09
2.53143e-09
2.55573e-09
2.53532e-09
2.54435e-09
2.578e-09
2.90664e-09
2.53192e-09