0.000000
-1.136747
-2.076124
-2.742950
-3.150490
-3.408705
-3.332657
-3.150550
-2.864181
-2.434328
-1.982988
-1.589951
-1.117012
-0.636438
-0.246253
0.070821
0.062766
-0.018064
-0.107970
-0.349879
-0.596189
-0.615778
-0.711250
-0.864130
-0.901654
-0.731769
-0.546232
-0.228699
0.103803
0.329672
0.557149
0.690142
0.817049
0.849395
0.893672
0.993849
0.810453
0.590901
0.263199
-0.053693
-0.268407
-0.512758
-0.734627
-0.974987
-0.986254
-0.910805
-0.832150
-0.746452
-0.584658
-0.266579
0.286486
0.422045
0.513900
0.561804
0.664631
0.689164
0.636806
0.611062
0.601283
0.459206
0.383639
0.453300
0.457114
0.306219
0.337713
0.354112
0.500228
0.732869
0.925862
1.140096
1.277485
1.331523
1.481659
1.652520
1.603836
1.357112
0.934482
0.467842
-0.045592
-0.525510
-1.058633
-1.398207
-1.659657
-1.754711
-1.787457
-1.811520
-1.653254
-1.431939
-0.994300
-0.725542
-0.510811
-0.215655
0.025756
0.220519
0.293091
0.345143
0.398270
0.257040
0.164873
0.111843
